2937, 0.000000, 4.390404, -0.374200, 0.000000, 90.000000, 90.000000
2937, 0.000000, 4.471110, -0.152799, 0.000000, 100.000000, 90.000000
2937, 0.000000, 4.465988, -0.705200, 0.000000, 80.000000, 90.000000
2937, 0.000000, 4.688470, 0.320199, 0.000000, 130.000000, 90.000000
2937, 0.000000, 4.687227, -1.162001, 0.000000, 50.000000, 90.000000
3280, -0.010742, 2.643554, 0.491387, 299.998168, 0.000000, 0.000000
2937, 0.000000, 4.529251, 0.114999, 0.000000, 120.000000, 90.000000
2937, 0.000000, 4.416649, -0.694400, 0.000000, 90.000000, 90.000000
2937, 0.000000, 4.583421, -1.118801, 0.000000, 45.000000, 90.000000
2937, 0.000000, 5.043893, -1.433601, 0.000000, 15.000000, 90.000000
2228, 1.365761, -0.890789, 0.439335, 0.000000, 0.000000, 270.000000
2237, 1.405730, -1.287106, 0.989490, 0.000000, 0.000000, 90.000000
1650, -1.050109, 2.775264, 0.423850, 0.000000, 0.000000, 90.000000
3280, -0.010742, 2.643554, 0.491387, 299.998168, 0.000000, 0.000000
16637, -0.023021, -3.615131, -0.001335, 0.000000, 270.000000, 0.000000
2937, -0.282178, -5.531250, -0.233243, 0.000000, 90.000000, 90.000000
2937, 0.238750, -5.531250, -0.233243, 0.000000, 90.000000, 90.000000
2937, 0.238281, -5.531250, -0.785643, 0.000000, 90.000000, 90.000000
2937, -0.277918, -5.531250, -0.785643, 0.000000, 90.000000, 90.000000
2937, 1.517475, -4.297450, -0.785643, 0.000000, 90.000000, 0.000000
2937, 1.516601, -2.915673, -0.246243, 0.000000, 90.000000, 0.000000
2937, 1.516601, -4.296875, -0.246243, 0.000000, 90.000000, 0.000000
2937, 1.516601, -2.915081, -0.785643, 0.000000, 90.000000, 0.000000
2937, -1.573002, -4.296875, -0.246243, 0.000000, 90.000000, 0.000000
2937, -1.572265, -4.296875, -0.773243, 0.000000, 90.000000, 0.000000
2937, -1.572265, -2.975073, -0.246243, 0.000000, 90.000000, 0.000000
2937, -1.572265, -2.942673, -0.773243, 0.000000, 90.000000, 0.000000
2937, -1.572265, -4.296875, 0.316956, 0.000000, 90.000000, 0.000000
2937, 1.516601, -4.296875, 0.302356, 0.000000, 90.000000, 0.000000
2937, 1.516601, -2.915039, 0.307756, 0.000000, 90.000000, 0.000000
2937, -1.572265, -2.974609, 0.316956, 0.000000, 90.000000, 0.000000
2937, -0.369265, -1.720812, 0.316956, 0.000000, 90.000000, 270.000000
2937, 0.283659, -1.720703, 0.322356, 0.000000, 90.000000, 270.000000
2937, 0.304802, -5.542497, 0.300756, 0.000000, 90.000000, 270.000000
2937, -0.402112, -5.541992, 0.300756, 0.000000, 90.000000, 270.000000
1238, -1.255923, -2.083270, 0.362627, 0.000000, 0.000000, 0.000000
1238, -0.710937, -2.083007, 0.362627, 0.000000, 0.000000, 310.374755
2048, -0.523728, -5.608830, 0.084074, 0.000000, 0.000000, 0.000000
1437, 1.566547, -1.533209, -0.279983, 0.004516, 270.674926, 100.176818
2690, 0.718220, -1.261309, 0.787263, 0.000000, 0.000000, 0.000000
2057, 1.059925, -2.126123, 0.214900, 0.000000, 0.000000, 320.299987
2674, 0.103544, -3.772953, 0.066187, 0.000000, 0.000000, 0.000000