2669, -0.024414, -0.427734, 1.070683, 0.000000, 0.000000, 0.000000
1414, 1.562428, -3.864668, 0.663436, 0.000000, 354.234985, 90.000000
1414, -1.596330, -3.633904, 0.663436, 0.000000, 0.000000, 271.984985
1414, 1.484788, -3.250230, 0.663436, 0.000000, 0.000000, 90.000000
1414, -1.621130, -3.019910, 0.816905, 0.000000, 7.940002, 270.000000
1414, -1.677827, -0.487285, 1.047109, 0.000000, 354.042602, 270.000000
1414, 1.561523, -0.717773, 1.047109, 0.000000, 354.226684, 90.000000
1411, 0.589201, -0.488340, 2.574161, 90.000000, 90.000000, 0.000000
1411, -0.562153, -0.320397, 2.574161, 90.000000, 270.000000, 0.000000
3117, -0.088453, 5.272907, -0.786405, 308.433227, 0.000000, 1.984985
3302, 1.773437, 0.690429, 1.461668, 0.000000, 90.000000, 0.000000
3302, -1.602177, 0.920749, 1.077995, 0.000000, 90.000000, 0.000000
2937, 1.480766, -3.327510, -0.599208, 0.000000, 90.000000, 0.000000
2937, 1.477468, -3.319149, -1.145082, 0.000000, 90.000000, 0.000000
2937, -1.485089, -3.318359, -1.145082, 0.000000, 90.000000, 0.000000
2937, -1.484375, -3.318359, -0.603939, 0.000000, 90.000000, 0.000000
1308, 1.195017, 4.500000, -0.437594, 0.000000, 90.000000, 270.000000
3117, -0.011156, 3.661034, 1.644372, 340.190185, 0.000000, 1.983032
2678, 1.620639, 4.147448, -0.031380, 0.000000, 0.000000, 95.280029
2678, -0.987882, 4.734310, -0.031380, 0.000000, 0.000000, 182.614746
2679, -1.689812, 3.456997, 1.010974, 0.000000, 69.475036, 270.660583
2679, 1.686523, 3.456054, 1.010974, 0.000000, 69.466552, 270.653686
1351, -1.584633, 1.073079, -0.132812, 180.000000, 270.000000, 90.000000
16637, 0.044172, -5.049048, -0.199037, 180.000000, 270.000000, 0.000000
3260, -0.634765, -4.083984, 2.111146, 287.859863, 90.000000, 359.994506
2977, -0.842920, -5.165857, -0.312221, 0.000000, 0.000000, 0.000000
1550, -1.016228, 1.321895, 0.246377, 0.000000, 0.000000, 0.000000
2358, 0.359478, 1.208222, -0.030428, 0.000000, 0.000000, 326.255004
935, 1.003468, -3.570256, 0.418371, 0.000000, 0.000000, 262.599975
3062, -1.602945, 3.111838, 0.232619, 0.000000, 359.851989, 93.707031
2930, -1.042576, 4.555826, 1.398194, 84.028076, 85.694458, 186.420150
1448, -0.890625, -4.916992, 1.319680, 82.732543, 179.994506, 179.994506
2040, 0.365156, 1.212317, 0.208538, 0.000000, 0.000000, 0.000000
2042, -0.180212, 0.805307, -0.066984, 0.000000, 0.000000, 0.000000
2038, 0.492876, 0.855283, -0.069754, 0.000000, 0.000000, 327.574035
2937, 1.430837, 2.167968, -1.104960, 0.000000, 90.000000, 0.000000
2937, 1.430664, 2.167968, -0.554760, 0.000000, 90.000000, 0.000000
2228, -0.770392, -4.619262, 0.411040, 0.000000, 0.000000, 0.000000
2690, -1.103289, -4.322222, 0.214525, 0.000000, 0.000000, 127.579986
1449, -1.624322, 3.569086, -1.054249, 9.654998, 0.000000, 274.644958